100
4 2
5 2
6 2
1000 1000
1000 1
501 386
1000 489
702 562
500 116
438 400
924 709
639 552
484 462
786 647
999 512
1000 128
1000 2
648 504
999 384
462 447
500 117
1000 488
999 999
1000 365
813 707
548 531
690 603
661 638
1 1
1000 999
959 783
597 486
500 160
562 553
310 248
364 299
470 412
1000 500
500 245
789 774
624 524
1000 255
631 528
806 716
500 248
342 297
999 1
500 93
1000 506
2 2
999 255
500 499
999 495
1000 499
500 127
999 2
999 256
404 336
587 451
1000 511
641 518
999 128
999 488
999 499
500 256
843 706
500 500
500 2
999 127
1000 127
500 250
999 998
1000 512
948 745
614 503
4 1
3 2
303 232
780 773
999 498
500 128
3 1
360 315
939 938
936 722
999 487
999 497
565 552
500 249
521 499
549 509
999 511
500 244
1000 498
2 1
818 747
500 1
500 255
1000 256
5 1
